-2.500000 0.000000 -2.500000
-1.500000 0.000000 -2.500000
-0.500000 0.000000 -2.500000
0.500000 0.000000 -2.500000
1.500000 0.000000 -2.500000
2.500000 0.000000 -2.500000
-2.500000 0.000000 -1.500000
-1.500000 0.000000 -1.500000
-0.500000 0.000000 -1.500000
0.500000 0.000000 -1.500000
1.500000 0.000000 -1.500000
2.500000 0.000000 -1.500000
-2.500000 0.000000 -0.500000
-1.500000 0.000000 -0.500000
-0.500000 0.000000 -0.500000
0.500000 0.000000 -0.500000
1.500000 0.000000 -0.500000
2.500000 0.000000 -0.500000
-2.500000 0.000000 0.500000
-1.500000 0.000000 0.500000
-0.500000 0.000000 0.500000
0.500000 0.000000 0.500000
1.500000 0.000000 0.500000
2.500000 0.000000 0.500000
-2.500000 0.000000 1.500000
-1.500000 0.000000 1.500000
-0.500000 0.000000 1.500000
0.500000 0.000000 1.500000
1.500000 0.000000 1.500000
2.500000 0.000000 1.500000
-2.500000 0.000000 2.500000
-1.500000 0.000000 2.500000
-0.500000 0.000000 2.500000
0.500000 0.000000 2.500000
1.500000 0.000000 2.500000
2.500000 0.000000 2.500000
6 1 0 6 7 2
7 2 1 7 8 3
8 3 2 8 9 4
9 4 3 9 10 5
10 5 4 10 11 6
12 7 6 12 13 8
13 8 7 13 14 9
14 9 8 14 15 10
15 10 9 15 16 11
16 11 10 16 17 12
18 13 12 18 19 14
19 14 13 19 20 15
20 15 14 20 21 16
21 16 15 21 22 17
22 17 16 22 23 18
24 19 18 24 25 20
25 20 19 25 26 21
26 21 20 26 27 22
27 22 21 27 28 23
28 23 22 28 29 24
30 25 24 30 31 26
31 26 25 31 32 27
32 27 26 32 33 28
33 28 27 33 34 29
34 29 28 34 35 30
